Starting node: 257
Ending node: 161
Edges:
257 134
134 155
155 90
90 223
223 244
244 69
69 256
256 143
143 9
9 62
62 202
202 79
79 175
175 31
31 255
255 20
20 39
39 192
192 66
66 135
135 98
98 146
146 209
209 17
17 61
61 194
194 64
64 22
22 193
193 63
63 75
75 130
130 81
81 156
156 212
212 86
86 263
263 38
38 148
148 273
273 99
99 265
265 183
183 4
4 65
65 200
200 182
182 206
206 8
8 136
136 78
78 77
77 214
214 47
47 21
21 285
285 191
191 6
6 107
107 57
57 197
197 54
54 100
100 127
127 44
44 250
250 10
10 55
55 196
196 131
131 42
42 112
112 291
291 102
102 205
205 242
242 230
230 68
68 162
162 268
268 266
266 279
279 215
215 170
170 144
144 95
95 14
14 139
139 204
204 82
82 142
142 179
179 229
229 45
45 261
261 41
41 247
247 28
28 185
185 48
48 252
252 217
217 236
236 158
158 254
254 151
151 33
33 147
147 270
270 133
133 37
37 288
288 283
283 7
7 289
289 25
25 92
92 36
36 1
1 104
104 91
91 176
176 84
84 220
220 40
40 73
73 126
126 85
85 228
228 3
3 108
108 34
34 241
241 239
239 72
72 89
89 132
132 94
94 280
280 138
138 188
188 237
237 166
166 129
129 260
260 105
105 96
96 203
203 208
208 295
295 24
24 93
93 180
180 238
238 248
248 233
233 219
219 111
111 16
16 124
124 269
269 173
173 234
234 59
59 71
71 293
293 117
117 168
168 189
189 240
240 18
18 210
210 11
11 88
88 0
0 106
106 184
184 281
281 286
286 30
30 116
116 292
292 224
224 140
140 103
103 297
297 70
70 231
231 110
110 282
282 153
153 53
53 251
251 2
2 119
119 83
83 114
114 246
246 165
165 35
35 87
87 118
118 154
154 277
277 141
141 227
227 211
211 284
284 298
298 160
160 274
274 235
235 226
226 221
221 122
122 67
67 23
23 26
26 60
60 128
128 222
222 207
207 27
27 271
271 171
171 125
125 299
299 213
213 50
50 58
58 120
120 15
15 172
172 80
80 159
159 97
97 137
137 115
115 218
218 216
216 169
169 287
287 243
243 178
178 225
225 181
181 198
198 276
276 278
278 56
56 249
249 43
43 186
186 157
157 13
13 150
150 121
121 5
5 46
46 262
262 177
177 259
259 190
190 51
51 74
74 145
145 32
32 49
49 29
29 199
199 101
101 272
272 109
109 123
123 290
290 174
174 52
52 245
245 195
195 113
113 19
19 296
296 267
267 76
76 12
12 275
275 167
167 264
264 149
149 152
152 164
164 294
294 232
232 187
187 258
258 163
163 201
201 253
253 161
257 155
257 66
134 90
134 244
134 256
134 62
155 202
90 256
90 9
90 202
90 255
90 65
223 69
223 143
223 202
223 39
244 143
244 62
244 20
244 98
244 146
244 64
69 143
69 62
69 79
69 31
69 39
69 66
256 62
256 202
256 79
256 75
143 62
143 31
143 255
143 75
9 175
9 31
9 255
9 20
9 192
62 79
62 175
62 255
62 209
62 193
202 175
202 255
79 31
79 255
79 192
79 273
175 255
175 20
175 209
175 194
175 130
175 212
175 38
31 20
31 66
31 135
255 65
20 66
20 135
20 156
39 135
192 135
192 98
192 209
192 148
192 273
192 65
66 98
66 209
66 130
135 146
135 17
135 130
98 209
98 17
146 17
209 61
209 194
209 263
17 64
17 130
17 4
61 64
61 75
194 156
194 148
64 193
64 212
22 63
22 81
22 156
22 86
193 212
193 263
63 130
63 156
63 273
75 81
130 156
130 148
130 265
81 86
81 148
81 4
156 148
212 263
86 38
86 148
263 148
263 99
148 65
99 183
265 4
65 182
65 78
65 285
200 206
200 8
200 78
200 196
200 246
200 27
200 149
182 136
182 78
182 191
182 54
182 230
182 28
182 72
206 214
206 57
206 10
206 196
206 42
206 162
206 215
206 234
8 10
8 7
136 77
136 214
136 285
136 45
78 214
78 47
78 6
78 171
77 127
77 82
77 158
214 21
214 107
214 197
214 268
214 279
47 285
47 242
47 220
21 191
21 196
21 41
21 180
21 227
285 107
285 54
285 162
285 261
191 107
191 57
191 100
191 242
191 279
191 277
6 57
6 100
6 170
6 254
107 197
107 54
107 205
107 162
57 106
197 127
197 250
197 10
197 215
197 48
197 287
54 205
100 45
100 239
127 250
127 10
127 112
127 297
127 284
44 10
44 205
44 170
250 196
250 242
250 230
250 279
250 108
250 60
10 131
10 112
10 102
10 198
55 242
55 261
55 252
55 159
196 102
196 162
131 102
131 205
131 3
131 258
42 291
42 102
42 205
42 230
42 144
42 111
42 60
42 149
112 205
112 242
112 104
291 205
291 162
291 82
291 261
291 28
102 68
102 229
205 162
205 170
205 270
205 73
242 68
242 162
242 268
242 34
242 239
242 71
230 162
230 229
230 147
230 207
68 268
68 279
68 45
68 288
68 248
162 266
162 279
162 144
162 95
162 204
162 37
268 279
268 7
268 228
268 166
266 95
266 229
266 48
266 282
279 82
279 93
215 144
215 139
215 229
215 92
215 85
215 121
215 296
170 204
170 142
170 288
170 3
170 295
170 153
170 160
144 14
144 139
144 204
144 179
144 261
144 48
144 33
144 133
144 289
144 34
144 259
95 139
95 283
95 36
95 32
14 82
14 261
14 289
139 82
139 229
139 45
139 11
139 97
204 142
82 179
82 229
82 247
82 147
82 238
142 229
142 247
142 185
142 252
142 299
179 185
179 33
179 288
179 29
229 247
229 25
229 168
45 41
45 28
261 247
261 158
261 36
261 108
41 28
41 236
41 283
41 91
41 3
247 185
247 48
247 252
247 254
247 226
28 254
28 270
28 133
28 288
185 252
185 217
185 270
185 7
185 149
48 236
48 254
48 270
48 92
48 104
48 269
252 236
252 33
252 287
217 158
236 254
236 151
158 151
158 133
158 126
254 270
254 289
151 147
151 288
151 176
151 111
151 224
33 270
33 37
33 7
33 36
33 239
33 165
33 198
147 288
147 228
147 89
147 59
147 243
147 187
270 37
270 126
270 18
270 145
133 25
133 3
133 219
133 116
37 283
37 7
37 25
37 92
37 85
37 108
37 218
37 181
37 278
37 163
37 201
288 289
288 104
288 91
288 241
283 289
283 138
7 25
7 36
7 176
7 166
7 137
289 92
289 104
289 91
289 84
289 168
25 1
25 73
25 108
25 89
25 203
25 224
92 220
92 40
92 228
92 16
92 53
36 104
36 91
36 176
36 122
1 91
1 176
1 40
1 260
1 243
104 176
104 72
104 71
104 118
104 195
91 84
91 114
176 220
176 40
176 85
176 228
176 132
176 188
176 281
176 207
84 40
84 180
220 3
220 224
40 184
40 103
73 3
73 34
73 241
73 71
73 286
73 137
73 52
126 228
126 180
126 189
126 259
85 3
85 34
85 72
85 237
85 105
85 221
228 108
228 208
228 219
3 34
3 237
3 16
3 50
3 243
3 43
108 241
108 280
108 138
108 188
108 96
34 239
34 166
34 24
34 269
34 297
34 249
241 72
241 89
241 186
241 258
239 89
239 132
239 94
239 280
239 138
239 224
239 32
72 94
72 280
72 138
72 237
72 166
72 105
72 295
72 234
72 23
72 128
72 181
89 94
89 280
89 105
89 219
89 116
89 287
132 188
132 24
132 93
132 118
132 43
94 138
94 188
94 166
94 129
94 233
94 173
94 189
94 184
94 87
94 216
94 195
280 237
280 260
280 96
280 248
280 111
280 189
280 262
138 166
138 96
138 203
138 16
188 129
188 208
188 93
188 111
188 88
188 103
188 277
188 213
237 129
237 96
237 24
237 189
166 105
166 234
129 105
129 213
260 203
260 208
260 295
260 240
260 46
105 248
96 219
96 111
96 124
96 281
96 243
203 295
203 233
203 172
203 115
208 180
208 18
208 297
295 93
295 16
295 0
24 180
24 233
24 16
24 231
93 238
93 248
93 71
180 248
180 233
180 111
180 234
180 168
180 116
180 297
180 274
180 50
248 219
248 111
248 189
248 11
248 297
248 231
248 141
233 16
233 71
233 87
233 235
233 174
219 16
219 124
219 269
219 70
219 53
111 124
111 167
16 269
16 173
16 59
16 207
124 298
269 59
269 189
173 59
173 293
234 0
234 110
234 276
59 106
59 30
59 225
71 117
71 168
71 240
71 210
71 106
71 286
71 140
71 15
293 88
293 0
293 116
293 211
117 189
117 240
117 18
117 140
117 246
117 27
117 199
168 210
168 11
168 106
168 286
168 70
168 110
189 0
189 103
189 154
189 60
189 152
240 210
240 11
240 106
240 159
18 11
18 106
18 281
18 224
210 286
210 116
210 140
210 103
210 110
11 0
11 184
11 27
88 184
88 246
88 277
0 184
0 286
0 30
0 224
0 60
106 281
106 118
106 299
184 140
184 83
184 97
281 30
281 116
281 140
281 110
281 153
281 53
286 103
286 284
286 199
30 153
116 224
116 140
116 297
116 2
116 160
292 140
292 70
292 87
292 211
292 161
224 297
224 231
224 83
224 23
224 150
140 297
140 70
140 231
103 53
103 213
103 178
297 282
297 87
297 141
231 23
110 153
110 2
110 87
110 60
282 251
282 119
282 226
282 60
282 222
282 207
282 271
153 251
153 2
153 118
153 160
153 109
53 2
53 83
53 211
53 298
53 160
53 171
53 125
53 109
251 119
251 23
251 137
2 83
2 246
2 227
2 178
119 35
119 118
119 227
83 246
83 87
83 118
83 181
114 118
114 277
114 221
114 60
114 50
246 35
246 87
246 277
246 141
246 222
246 271
246 172
165 235
165 226
165 172
35 160
35 299
87 227
87 298
87 137
87 115
87 169
87 275
118 277
118 141
118 262
118 152
154 141
154 284
154 226
277 227
277 50
141 122
141 67
141 207
227 186
227 13
211 298
211 274
211 226
211 120
284 122
284 43
298 274
160 235
160 67
160 26
160 60
160 195
274 226
274 221
274 26
274 80
274 46
235 221
235 67
235 245
226 122
226 60
226 271
226 218
226 178
221 23
221 26
221 60
221 27
221 299
221 13
122 23
122 26
122 60
122 222
122 58
67 26
67 60
67 222
23 27
26 128
26 207
26 58
26 159
60 207
60 27
60 171
128 278
128 187
222 27
222 171
222 80
222 137
222 150
222 294
207 171
207 125
207 50
207 58
207 216
207 243
207 74
27 171
27 58
27 137
27 115
271 125
271 299
271 120
271 276
271 174
171 50
171 13
171 52
125 80
125 97
125 198
125 46
299 50
299 58
299 120
299 232
213 172
213 159
213 137
213 46
213 262
213 49
213 267
50 120
50 15
50 115
50 216
58 97
58 164
120 172
120 80
120 159
120 137
120 243
120 276
120 195
120 12
15 97
15 137
172 159
172 218
172 243
172 174
80 157
80 163
159 169
97 218
97 178
97 259
97 267
137 218
137 216
137 287
137 276
137 43
115 287
115 181
115 13
218 243
218 181
218 157
218 5
218 262
218 195
216 287
216 181
216 157
216 150
216 74
216 101
169 243
169 225
169 186
287 178
287 51
243 181
243 276
243 278
243 43
243 101
178 181
178 276
178 56
178 46
225 198
225 278
225 56
225 249
225 43
225 13
225 52
225 264
225 149
181 276
181 49
198 51
198 145
198 272
198 167
198 264
276 56
276 43
276 186
276 157
276 177
276 51
278 13
278 150
278 199
56 157
56 32
56 199
56 272
56 12
56 258
249 186
249 259
249 74
249 290
43 157
43 13
43 19
43 253
186 5
186 145
186 174
157 32
157 149
13 167
150 5
150 46
121 46
121 190
121 195
121 19
5 262
5 145
5 199
5 123
5 19
46 177
46 190
46 74
46 32
46 275
46 258
262 259
262 290
262 113
177 51
177 74
177 145
259 51
259 101
190 74
190 145
190 49
190 29
190 232
51 145
74 32
74 49
74 101
74 253
145 149
32 199
32 101
32 109
49 199
49 272
49 245
29 109
199 258
101 290
101 174
101 52
101 167
101 258
272 113
272 19
109 245
123 52
123 149
123 294
123 163
290 52
290 245
290 195
290 164
174 19
52 195
245 275
195 19
195 296
195 267
195 149
113 296
19 76
19 253
296 167
296 149
296 163
296 253
267 12
267 264
267 152
267 201
76 275
76 167
76 164
275 149
275 258
275 201
167 149
167 163
264 152
264 164
264 201
149 294
152 294
152 258
164 232
232 258
232 253
258 201
163 253
