Dancer positions for color: 1
7 14
11 18
14 11
26 13
24 20
2 7
6 4
1 21
15 14
1 11
17 29
5 8
7 15
27 9
23 4
20 7
19 28
0 2
18 14
29 20
19 1
10 22
1 14
26 18
20 6
2 25
0 23
2 29
3 16
15 7
13 7
17 8
1 15
21 23
28 29
17 16
29 3
9 23
22 18
0 27
Dancer positions for color: 2
13 12
12 10
11 28
29 0
2 15
15 22
5 23
14 25
2 16
29 24
2 3
23 3
26 16
2 9
2 24
0 4
15 19
24 3
14 18
23 28
13 25
28 14
12 27
8 5
15 26
25 22
21 9
11 16
25 12
22 25
23 23
3 29
21 28
22 21
18 28
10 27
9 9
11 17
26 9
9 0
Dancer positions for color: 3
8 4
21 15
7 23
1 19
2 26
5 1
27 2
26 22
11 12
27 11
28 27
8 11
4 19
25 18
5 26
15 1
18 24
8 23
12 16
15 20
16 5
27 21
0 28
26 25
5 4
5 25
17 12
6 2
6 12
6 13
18 2
16 6
12 21
14 14
28 12
8 1
8 3
19 2
22 8
6 7
Dancer positions for color: 4
1 20
3 21
5 12
28 19
4 24
28 26
17 28
20 20
14 26
26 21
23 22
9 6
6 0
11 6
29 10
4 26
11 13
2 19
26 23
3 13
15 2
9 26
21 21
17 13
25 3
29 4
23 1
0 29
24 12
4 16
2 23
16 16
21 16
25 17
10 11
28 5
8 27
22 29
7 10
2 17
