Starting node: 508
Ending node: 344
Edges:
508 710
710 269
269 458
458 434
434 80
80 38
38 326
326 225
225 232
232 95
95 606
606 53
53 537
537 469
469 89
89 251
251 325
325 315
315 575
575 519
519 726
726 133
133 339
339 443
443 72
72 780
780 304
304 201
201 107
107 73
73 228
228 581
581 770
770 85
85 481
481 155
155 567
567 266
266 364
364 706
706 161
161 162
162 794
794 472
472 83
83 196
196 681
681 354
354 712
712 517
517 2
2 678
678 558
558 103
103 37
37 758
758 257
257 697
697 242
242 449
449 536
536 278
278 388
388 547
547 514
514 588
588 793
793 76
76 568
568 56
56 585
585 322
322 782
782 635
635 612
612 390
390 104
104 702
702 459
459 35
35 127
127 590
590 293
293 491
491 368
368 164
164 47
47 533
533 441
441 120
120 135
135 555
555 21
21 28
28 65
65 131
131 381
381 757
757 729
729 429
429 174
174 479
479 112
112 454
454 737
737 557
557 752
752 476
476 564
564 211
211 719
719 347
347 156
156 423
423 424
424 143
143 665
665 754
754 324
324 785
785 742
742 430
430 799
799 178
178 281
281 644
644 736
736 318
318 682
682 701
701 109
109 716
716 153
153 705
705 36
36 29
29 666
666 117
117 187
187 13
13 464
464 108
108 376
376 559
559 137
137 496
496 154
154 541
541 611
611 759
759 435
435 600
600 766
766 727
727 662
662 260
260 694
694 587
587 146
146 247
247 121
121 102
102 478
478 669
669 12
12 371
371 627
627 166
166 487
487 797
797 297
297 217
217 622
622 355
355 122
122 532
532 407
407 195
195 352
352 461
461 263
263 3
3 495
495 387
387 778
778 763
763 22
22 777
777 246
246 670
670 565
565 643
643 767
767 14
14 78
78 636
636 327
327 205
205 148
148 406
406 16
16 30
30 680
680 667
667 583
583 163
163 204
204 500
500 734
734 626
626 150
150 94
94 661
661 356
356 397
397 249
249 49
49 578
578 91
91 213
213 68
68 275
275 610
610 492
492 349
349 319
319 9
9 231
231 31
31 321
321 647
647 392
392 379
379 546
546 457
457 203
203 460
460 177
177 48
48 298
298 528
528 503
503 113
113 676
676 273
273 597
597 11
11 51
51 679
679 271
271 285
285 641
641 409
409 389
389 172
172 303
303 674
674 652
652 292
292 446
446 288
288 372
372 329
329 724
724 493
493 520
520 764
764 436
436 660
660 790
790 226
226 751
751 628
628 157
157 625
625 540
540 399
399 283
283 40
40 75
75 744
744 715
715 190
190 124
124 71
71 194
194 497
497 621
621 282
282 462
462 50
50 549
549 255
255 206
206 259
259 618
618 84
84 41
41 728
728 608
608 99
99 631
631 623
623 589
589 438
438 391
391 433
433 402
402 592
592 265
265 105
105 300
300 219
219 340
340 480
480 746
746 545
545 723
723 312
312 739
739 360
360 306
306 762
762 531
531 693
693 43
43 513
513 115
115 691
691 748
748 543
543 700
700 721
721 193
193 745
745 570
570 248
248 490
490 732
732 54
54 709
709 114
114 771
771 779
779 230
230 760
760 437
437 86
86 769
769 599
599 620
620 639
639 268
268 550
550 359
359 554
554 151
151 272
272 692
692 530
530 422
422 317
317 781
781 149
149 605
605 466
466 244
244 330
330 208
208 598
598 502
502 421
421 106
106 185
185 25
25 181
181 673
673 553
553 634
634 552
552 198
198 58
58 264
264 358
358 398
398 23
23 93
93 629
629 286
286 10
10 725
725 453
453 17
17 671
671 509
509 254
254 731
731 690
690 341
341 342
342 494
494 186
186 561
561 672
672 296
296 250
250 772
772 96
96 287
287 77
77 787
787 507
507 382
382 637
637 236
236 210
210 192
192 482
482 698
698 656
656 378
378 369
369 171
171 270
270 216
216 534
534 331
331 522
522 307
307 180
180 393
393 333
333 512
512 761
761 223
223 774
774 310
310 168
168 385
385 653
653 738
738 367
367 284
284 42
42 328
328 189
189 789
789 750
750 566
566 159
159 713
713 375
375 569
569 711
711 15
15 538
538 139
139 295
295 362
362 64
64 345
345 92
92 749
749 773
773 404
404 521
521 136
136 499
499 218
218 370
370 175
175 346
346 586
586 428
428 613
613 338
338 603
603 169
169 290
290 798
798 483
483 523
523 617
617 573
573 97
97 116
116 659
659 485
485 642
642 455
455 39
39 689
689 227
227 212
212 160
160 45
45 395
395 498
498 632
632 684
684 646
646 572
572 524
524 274
274 714
714 302
302 132
132 616
616 708
708 638
638 52
52 6
6 768
768 224
224 477
477 696
696 489
489 348
348 664
664 630
630 431
431 128
128 134
134 256
256 783
783 147
147 741
741 412
412 417
417 405
405 182
182 445
445 548
548 233
233 1
1 235
235 46
46 418
418 786
786 687
687 756
756 173
173 501
501 601
601 361
361 579
579 657
657 792
792 220
220 119
119 574
574 252
252 577
577 413
413 316
316 207
207 239
239 796
796 170
170 63
63 439
439 59
59 353
353 334
334 596
596 214
214 197
197 90
90 526
526 142
142 743
743 584
584 755
755 365
365 66
66 299
299 374
374 55
55 308
308 473
473 98
98 152
152 383
383 57
57 775
775 683
683 221
221 323
323 440
440 593
593 222
222 176
176 784
784 450
450 776
776 675
675 335
335 377
377 145
145 411
411 267
267 44
44 279
279 202
202 539
539 527
527 69
69 663
663 199
199 158
158 410
410 403
403 505
505 571
571 7
7 337
337 474
474 595
595 703
703 61
61 241
241 18
18 261
261 167
167 426
426 753
753 765
765 81
81 245
245 240
240 704
704 396
396 468
468 504
504 582
582 510
510 277
277 685
685 280
280 276
276 34
34 645
645 506
506 366
366 649
649 26
26 414
414 463
463 384
384 27
27 688
688 677
677 576
576 400
400 486
486 668
668 200
200 488
488 305
305 33
33 448
448 4
4 386
386 24
24 19
19 511
511 183
183 350
350 594
594 791
791 234
234 451
451 432
432 735
735 425
425 130
130 640
640 470
470 62
62 229
229 442
442 658
658 542
542 516
516 471
471 415
415 563
563 614
614 624
624 336
336 82
82 100
100 237
237 60
60 373
373 722
722 747
747 144
144 188
188 126
126 309
309 718
718 654
654 363
363 32
32 591
591 351
351 484
484 788
788 730
730 475
475 320
320 343
343 253
253 650
650 580
580 655
655 313
313 615
615 515
515 215
215 529
529 717
717 140
140 619
619 602
602 5
5 562
562 209
209 416
416 243
243 740
740 67
67 420
420 74
74 651
651 419
419 238
238 427
427 609
609 111
111 289
289 394
394 357
357 311
311 447
447 20
20 79
79 401
401 138
138 699
699 465
465 179
179 551
551 123
123 101
101 129
129 87
87 456
456 695
695 110
110 262
262 184
184 604
604 648
648 733
733 467
467 291
291 314
314 408
408 720
720 141
141 294
294 444
444 544
544 560
560 8
8 535
535 301
301 686
686 525
525 88
88 795
795 70
70 191
191 332
332 556
556 452
452 607
607 707
707 125
125 518
518 380
380 165
165 118
118 258
258 0
0 633
633 344
508 458
508 434
508 102
508 621
710 458
710 434
710 38
710 232
710 53
710 726
710 567
710 83
710 611
710 68
269 53
269 476
269 464
269 371
269 392
458 225
458 606
458 537
458 519
434 38
434 225
434 537
434 469
434 251
434 726
434 201
434 83
434 275
80 372
80 603
38 225
38 95
38 537
38 281
38 613
326 232
326 95
326 443
326 91
225 606
225 53
225 726
225 201
225 162
225 124
232 606
232 53
232 325
232 794
232 257
232 771
95 53
95 537
95 469
95 519
95 536
95 669
95 641
606 537
606 464
606 767
606 356
53 726
53 481
53 585
53 121
53 275
53 549
537 155
537 678
537 797
537 778
469 251
469 325
469 315
469 575
469 519
469 164
469 665
89 325
89 315
89 364
89 286
251 315
251 519
251 72
251 266
251 354
251 56
251 763
251 522
251 784
325 133
325 85
325 37
325 782
325 21
325 705
325 766
325 621
325 482
325 116
315 481
315 103
575 726
575 133
575 304
575 706
575 103
575 390
575 156
575 148
519 133
519 339
519 443
519 107
519 174
519 541
726 339
726 228
726 472
133 443
133 304
133 85
133 472
133 354
133 712
133 2
133 331
339 73
339 547
339 148
443 304
443 201
443 242
72 304
72 73
72 228
72 249
780 73
780 581
780 85
780 706
780 161
780 514
780 459
780 21
780 559
780 341
780 189
304 107
304 73
201 73
201 85
201 481
201 794
201 196
201 697
201 612
201 211
201 608
107 162
107 76
107 13
73 567
73 127
228 155
228 547
228 275
228 372
228 687
581 481
581 368
581 693
581 732
770 155
770 567
770 712
770 423
770 362
85 155
85 567
85 266
85 83
85 558
85 564
85 153
481 567
481 266
481 318
481 709
155 266
155 706
155 558
155 104
155 395
567 364
567 706
567 472
567 681
567 697
567 719
567 393
266 706
266 536
364 162
364 684
706 794
706 263
161 794
161 83
161 678
161 543
162 472
162 758
162 56
162 724
162 346
162 501
794 83
794 354
794 449
794 104
794 36
794 372
472 354
472 103
472 423
472 676
472 185
83 354
83 712
83 697
83 514
83 21
196 354
196 517
681 712
681 103
681 322
681 702
681 727
681 3
354 517
354 390
354 244
354 142
712 242
712 436
517 37
517 758
517 242
517 76
517 260
2 242
2 536
2 568
678 103
678 758
678 547
678 568
678 29
678 531
678 530
678 526
558 758
558 612
558 381
558 435
558 549
558 99
558 696
103 257
103 588
103 729
103 464
37 257
37 242
37 388
37 293
37 790
37 385
37 687
758 242
758 536
758 278
758 459
758 555
758 666
758 146
758 406
257 588
257 793
257 568
257 590
257 565
257 300
257 369
697 449
697 388
697 547
697 585
697 16
242 388
242 56
242 324
242 102
242 462
242 50
449 547
449 514
449 588
449 322
449 464
449 636
536 388
536 612
536 166
278 547
278 568
278 131
278 429
278 564
388 514
388 131
388 759
388 328
547 588
547 76
547 459
547 491
547 441
547 143
547 627
514 793
514 76
514 491
514 716
514 559
588 585
588 322
588 590
588 496
588 231
588 513
793 568
793 56
793 109
793 406
76 56
76 429
76 221
568 585
568 612
568 587
568 146
568 190
56 322
56 729
56 705
56 177
56 482
56 180
585 612
585 104
585 127
585 174
585 382
585 180
322 135
322 454
322 211
322 719
322 146
322 312
782 702
782 368
782 555
782 705
782 102
782 195
782 139
635 390
635 104
635 143
635 178
635 461
635 321
612 104
612 131
612 682
612 372
612 493
612 340
390 702
390 479
104 533
104 441
104 478
104 51
104 453
104 223
702 35
702 491
702 429
702 454
459 127
459 293
459 368
459 164
459 120
459 318
459 187
459 464
459 166
35 164
35 47
35 120
35 28
35 195
35 124
35 673
127 293
127 164
127 757
127 156
127 662
127 478
127 637
590 491
590 164
590 211
590 768
293 441
293 785
293 762
491 164
491 47
491 533
491 174
491 211
491 193
368 47
368 441
368 757
368 247
368 734
368 653
368 346
164 120
164 135
164 28
164 737
164 109
164 541
164 661
164 116
47 441
47 135
47 555
47 381
47 719
47 759
47 797
47 462
47 115
47 185
533 21
533 729
533 429
533 112
533 644
533 694
533 349
533 398
441 555
441 131
441 381
441 737
441 16
441 1
120 555
120 21
120 131
120 429
120 424
120 143
120 137
120 236
120 385
120 365
120 323
135 146
135 148
135 482
555 28
555 65
555 204
555 360
21 65
21 112
21 454
21 627
21 297
21 532
21 292
21 206
21 550
21 431
28 757
28 174
28 446
28 402
28 721
65 757
65 729
65 424
65 397
131 429
131 174
131 479
131 737
131 754
131 421
381 729
381 454
381 29
381 376
381 661
381 437
381 362
757 719
757 109
757 154
757 541
757 676
757 554
757 566
729 424
729 93
429 424
429 785
429 587
429 297
429 329
429 751
174 112
174 752
174 564
174 376
174 204
174 203
174 393
174 743
479 454
479 557
479 205
479 756
112 737
112 752
112 705
112 496
112 298
454 557
454 752
454 719
454 644
454 163
737 476
737 564
737 211
737 751
557 476
557 564
557 719
557 347
557 559
557 124
557 230
557 192
557 145
752 587
752 797
476 347
476 423
476 754
476 682
476 13
476 166
476 263
476 734
476 321
476 303
476 433
476 779
476 781
476 601
564 719
564 424
564 117
564 541
564 473
211 424
211 799
211 701
211 376
211 399
719 156
719 143
719 799
719 736
719 545
719 345
347 754
347 742
347 611
347 217
347 667
347 96
156 424
156 742
156 799
156 701
156 583
156 43
423 754
423 799
423 298
423 11
423 106
423 395
423 46
424 694
424 166
424 205
424 48
424 207
143 754
143 324
143 376
143 611
143 12
143 532
665 799
665 644
665 318
665 153
665 587
665 371
665 399
665 545
754 785
754 742
754 430
754 644
754 736
754 559
754 541
754 766
754 247
754 3
324 109
324 102
324 636
785 643
742 799
742 736
742 701
742 666
742 117
742 376
742 694
742 382
430 178
430 716
430 662
430 203
430 99
430 732
430 548
799 701
799 109
799 323
178 682
178 108
178 137
178 759
178 68
178 48
281 318
281 701
281 705
281 464
281 260
281 520
644 682
644 36
644 666
644 669
644 9
644 592
736 682
736 701
736 759
736 587
736 217
736 379
736 346
318 701
318 109
318 559
318 94
318 169
682 109
682 36
682 117
682 727
682 387
682 249
682 31
701 716
701 705
701 108
701 759
701 662
701 676
701 139
109 153
109 464
109 611
109 146
109 622
109 407
109 599
109 160
716 36
716 137
716 154
716 102
716 460
716 282
153 246
153 767
153 349
705 29
705 13
705 559
705 321
36 117
36 464
36 759
36 121
36 532
36 461
36 16
36 283
36 222
29 108
29 759
29 600
29 319
29 48
29 353
29 374
666 187
666 559
666 727
666 247
666 482
666 713
117 13
117 464
117 355
117 195
117 58
187 464
187 376
187 496
187 154
187 102
187 627
187 487
13 496
13 541
13 435
13 766
13 12
13 273
464 376
464 559
464 496
464 766
464 532
464 157
464 119
108 559
108 541
108 611
108 778
108 667
108 462
108 421
376 137
376 496
376 541
376 435
376 260
376 431
559 496
559 759
559 349
559 592
559 634
137 154
137 541
137 727
137 392
137 674
137 549
496 611
496 727
496 478
496 122
496 263
496 387
496 303
496 732
496 687
154 435
154 662
154 146
154 247
154 166
154 297
154 457
154 493
154 84
154 391
541 759
541 435
541 600
541 247
541 12
541 297
541 667
541 303
541 721
611 435
611 662
611 636
611 610
611 292
611 485
759 600
759 260
759 627
759 670
759 9
759 282
759 653
759 59
435 662
435 146
435 371
435 495
435 327
435 58
600 727
600 260
600 587
600 340
600 750
766 662
766 260
766 166
766 355
766 263
766 763
766 610
766 230
766 197
727 260
727 694
727 587
727 146
727 121
727 627
727 321
727 631
727 689
662 694
662 146
662 121
662 495
662 31
662 647
662 157
662 781
662 180
260 587
260 102
260 217
260 3
260 492
260 715
694 247
694 565
694 78
694 500
694 436
694 290
694 45
587 247
587 478
587 371
146 121
146 102
146 487
146 670
146 213
146 674
146 632
146 796
247 371
247 461
247 397
247 389
247 692
121 352
121 150
121 298
121 271
121 687
102 627
102 166
102 622
102 263
102 275
102 450
478 371
478 627
478 78
478 379
669 166
669 797
669 622
669 407
669 763
669 14
669 30
669 349
12 627
12 487
12 122
12 461
12 246
12 379
371 763
371 565
371 406
371 661
371 51
371 554
371 440
627 487
627 495
627 778
627 498
627 684
166 797
166 297
166 217
166 763
166 163
166 275
166 300
166 599
166 792
487 122
487 532
487 352
487 387
487 319
487 194
487 545
487 421
487 698
797 217
797 122
797 532
797 636
797 205
797 317
297 407
297 263
297 387
297 778
297 670
297 148
297 397
297 457
297 656
217 355
217 122
217 9
217 409
217 198
217 98
622 122
622 406
622 49
622 48
622 711
355 532
355 407
355 22
355 327
355 406
355 546
355 700
355 725
355 132
122 778
122 321
122 436
122 545
122 526
122 176
532 195
532 495
532 778
532 16
532 94
532 275
532 230
407 3
407 680
407 397
407 618
195 778
195 763
195 78
195 457
195 652
195 605
195 509
195 761
352 263
352 495
352 763
352 327
352 746
352 749
461 495
461 778
461 392
461 523
263 778
263 763
263 777
263 734
263 150
263 638
3 22
3 565
3 356
3 59
495 778
495 670
495 78
495 327
495 679
495 244
387 763
387 777
387 549
387 206
387 433
778 22
778 379
778 273
778 738
763 777
763 246
763 565
763 790
763 399
763 497
763 692
763 489
22 670
22 565
22 643
22 49
22 31
22 764
22 589
22 227
22 134
777 670
777 565
777 14
777 406
777 626
777 249
777 370
246 565
246 78
246 636
246 583
246 226
246 692
670 636
670 94
670 31
670 399
670 115
670 779
670 738
565 767
565 14
565 30
565 500
565 150
565 397
565 392
565 379
565 628
565 124
565 160
643 14
643 327
643 226
643 259
643 438
767 636
767 148
767 356
767 249
767 68
767 392
767 51
767 453
14 636
14 667
14 213
14 48
78 148
78 356
78 492
78 647
78 764
78 105
78 490
78 771
78 553
78 439
636 205
636 667
636 49
636 213
636 68
636 333
636 55
327 148
327 406
327 667
327 84
327 494
205 16
205 457
205 208
205 169
148 667
148 203
148 48
406 163
406 626
406 652
406 43
406 554
406 250
16 680
16 94
16 597
16 549
16 98
30 1
680 583
680 163
680 599
680 512
680 328
667 163
667 249
667 49
667 203
667 446
667 359
667 598
667 792
583 734
583 150
583 349
583 99
583 219
583 422
163 500
163 661
163 249
163 676
163 482
204 94
204 91
204 285
204 382
500 397
500 652
500 71
500 259
500 151
734 661
734 397
734 249
734 578
734 231
734 745
734 613
734 46
626 94
626 661
626 397
626 249
626 319
626 700
150 661
150 397
150 249
150 319
150 493
150 764
150 731
94 356
94 397
94 49
94 213
94 503
94 760
661 249
661 790
661 265
661 749
356 249
356 68
356 275
356 610
356 546
356 273
356 172
397 91
397 9
397 231
397 589
397 335
249 578
249 213
249 349
249 399
249 54
49 91
49 392
49 618
49 342
578 48
578 172
578 50
578 193
578 393
91 68
91 349
91 285
91 329
91 789
91 796
213 520
213 608
213 176
68 610
68 492
68 321
68 285
68 372
68 764
68 744
68 244
68 455
275 492
275 319
275 321
275 647
275 379
275 11
275 172
275 292
275 608
610 349
610 319
610 177
610 48
610 113
610 219
610 731
492 11
492 210
492 378
349 9
349 231
349 321
349 628
349 374
319 321
319 392
319 51
319 329
319 255
9 647
9 48
9 676
9 271
9 628
9 554
9 530
231 647
231 392
231 379
231 226
231 462
231 105
231 1
231 601
31 48
31 503
31 597
31 51
31 674
31 259
321 641
321 631
647 379
647 679
647 790
647 526
392 546
392 457
392 177
392 724
392 625
392 477
379 203
379 48
379 11
379 679
379 690
379 207
546 203
546 460
546 51
546 389
546 751
546 628
546 255
546 299
457 744
203 503
203 273
203 149
460 436
177 113
177 676
177 51
177 303
177 790
177 312
177 151
177 90
48 503
48 51
48 172
48 639
48 509
298 503
298 618
298 760
298 169
298 775
528 86
528 672
503 676
503 273
503 652
503 255
503 206
503 513
113 273
113 51
113 271
113 641
113 660
676 11
676 700
676 601
273 679
273 303
273 372
273 540
597 51
597 493
597 764
597 744
597 545
11 271
11 285
11 409
11 608
11 513
51 271
51 409
51 674
51 781
51 603
679 285
679 641
679 292
679 446
679 660
679 40
679 552
271 288
271 493
271 522
271 521
285 409
285 790
285 282
285 84
285 746
285 317
641 389
641 226
641 71
641 50
641 393
409 436
409 157
409 462
409 219
409 543
409 411
389 303
389 292
389 372
389 628
389 625
389 75
389 715
172 674
172 288
172 157
172 728
172 105
172 708
172 361
303 292
303 660
303 592
303 404
303 136
674 292
652 446
652 288
652 372
652 433
652 732
652 323
292 288
292 660
292 157
292 206
292 180
292 586
446 372
446 660
446 625
446 509
446 296
288 329
288 724
288 764
288 41
288 340
288 639
288 552
372 493
372 226
372 342
372 637
372 180
329 520
329 764
329 751
329 715
329 769
329 599
329 348
329 134
329 55
724 520
724 660
724 157
724 691
493 436
493 660
493 745
493 502
493 181
520 751
520 181
520 287
520 353
764 660
764 790
764 157
764 206
764 391
764 721
436 625
436 540
436 340
436 193
436 550
660 497
660 50
660 259
660 105
660 230
660 341
790 751
790 157
790 540
790 715
790 618
790 115
790 221
226 157
226 540
226 744
226 760
226 86
226 502
226 216
751 71
751 259
751 639
751 789
751 749
751 630
628 399
628 75
628 744
157 283
157 194
157 589
157 779
157 254
157 186
157 218
625 283
625 75
625 744
625 513
625 250
625 789
625 499
625 308
540 283
540 715
540 206
540 312
540 220
399 75
399 715
399 282
399 462
399 543
399 709
399 412
399 418
399 252
283 673
283 731
283 370
283 274
40 744
40 99
40 623
40 17
40 223
75 124
75 71
75 497
75 41
75 589
75 15
744 190
744 621
744 462
744 105
715 621
715 282
715 631
715 244
190 71
190 255
190 617
124 194
124 282
124 206
124 391
124 433
124 300
124 545
124 543
124 248
124 370
71 497
71 621
71 255
71 84
71 391
71 77
71 548
71 450
194 206
194 728
194 631
194 105
194 480
194 771
194 10
497 255
497 84
497 41
497 391
497 312
621 748
621 771
621 634
621 171
621 522
282 549
282 618
282 433
282 198
282 561
282 216
462 255
462 490
462 771
50 99
50 391
50 265
50 746
50 306
50 745
549 41
549 631
549 300
549 709
549 637
549 367
549 63
255 259
255 618
255 268
255 185
255 553
255 485
255 689
255 57
206 618
206 41
206 433
206 340
206 746
206 115
206 272
206 147
206 197
259 631
259 592
259 105
259 693
259 634
259 477
618 623
618 438
618 219
618 771
618 331
618 761
84 589
84 340
84 746
41 608
41 438
41 402
41 265
41 300
41 531
41 115
41 216
728 631
728 93
728 287
728 378
728 159
728 756
608 592
608 43
608 437
608 553
99 340
99 106
99 369
631 589
631 391
631 433
631 513
631 310
631 796
623 438
589 265
589 480
589 545
589 312
589 360
589 531
589 779
589 455
438 402
438 760
438 341
438 223
391 402
391 592
391 265
391 105
391 480
391 709
391 639
391 683
433 592
433 265
433 480
433 530
402 265
402 105
402 219
402 480
402 739
402 345
592 105
592 300
592 693
592 307
265 219
265 480
265 490
265 437
265 692
105 219
105 570
105 599
105 106
105 185
105 367
105 713
105 642
105 55
300 340
300 312
300 709
300 272
300 296
300 774
300 370
300 39
300 176
219 545
219 672
219 216
340 746
340 739
340 248
340 244
340 286
340 77
480 723
480 721
480 256
480 579
746 54
746 268
746 330
545 312
545 360
545 543
545 114
545 779
545 86
545 272
545 552
545 358
723 306
723 248
723 490
723 58
312 360
312 115
312 769
312 646
739 306
739 693
739 700
739 771
739 787
360 762
360 693
360 115
360 193
360 114
360 230
360 236
360 252
306 531
306 693
306 550
306 673
306 775
762 693
762 43
762 212
531 513
531 171
693 513
693 691
693 193
693 490
693 437
43 115
43 748
43 193
43 690
43 77
513 721
513 692
513 17
513 494
115 748
115 198
115 15
115 132
691 550
691 264
691 798
748 700
748 193
748 114
748 272
748 708
543 721
543 193
543 709
543 620
543 550
543 149
543 181
543 569
700 745
700 709
700 760
721 745
721 570
721 690
721 656
721 270
721 601
721 63
193 570
193 490
193 732
193 54
193 149
193 761
745 248
745 550
745 58
745 286
745 218
570 732
570 709
570 210
248 598
248 58
490 54
490 709
490 114
490 771
490 437
490 769
490 554
490 483
490 684
490 176
732 771
732 230
732 369
732 270
54 114
54 771
54 779
54 268
54 151
54 317
54 605
54 208
54 569
709 771
709 86
709 317
709 598
709 494
114 760
114 86
114 783
771 760
771 359
771 561
771 656
771 455
779 599
779 639
779 106
779 92
779 786
230 599
230 639
230 550
230 244
230 145
760 86
760 599
760 620
760 317
437 769
437 599
437 620
437 639
437 554
437 208
437 295
86 599
86 359
86 45
769 620
769 639
769 554
769 692
769 422
769 147
599 530
599 317
599 673
599 296
599 15
599 97
620 268
620 550
620 692
620 317
620 466
620 181
620 553
620 653
639 550
639 554
639 181
639 673
639 198
639 17
639 210
639 596
639 675
268 359
268 554
268 151
550 287
550 77
550 192
550 331
550 159
359 151
359 692
359 208
359 507
359 378
359 385
359 189
554 272
554 692
151 530
151 149
151 466
151 221
272 530
272 466
272 672
272 445
692 422
692 149
692 605
692 93
692 367
692 15
530 106
530 761
530 538
530 142
422 296
317 149
317 398
317 499
781 330
781 382
781 603
149 244
149 17
149 659
149 796
605 244
605 502
605 421
605 198
605 264
605 93
605 331
605 761
605 362
466 330
466 25
466 725
244 598
244 673
244 629
244 731
244 212
244 323
330 502
330 58
330 93
330 561
208 731
208 250
208 378
208 369
598 185
598 358
598 159
598 220
502 198
502 501
421 25
421 181
421 552
421 58
421 671
421 572
106 25
106 181
106 382
106 274
185 181
185 673
185 725
185 671
185 672
185 42
185 328
185 789
185 439
25 673
25 23
25 629
181 264
673 634
673 198
673 23
673 798
673 97
673 784
553 552
553 264
553 93
553 17
553 250
553 235
634 198
634 264
634 23
634 286
634 296
634 445
552 58
552 128
198 264
198 23
198 789
198 175
198 775
58 307
264 93
264 629
264 369
264 573
358 672
358 512
358 750
358 659
358 792
398 629
398 382
398 180
398 538
398 523
23 629
23 286
23 561
23 96
23 210
23 160
93 725
93 342
93 287
93 616
629 453
629 342
629 345
629 252
286 725
286 453
286 17
286 307
286 738
286 566
286 428
10 341
10 342
10 186
10 698
10 171
10 789
10 98
725 671
725 287
725 507
725 637
725 445
725 46
453 287
453 787
453 331
17 509
17 690
17 561
17 507
17 524
671 731
671 296
671 77
671 192
671 761
671 223
671 789
671 299
509 731
509 690
509 561
509 482
509 534
509 168
254 690
254 341
254 561
254 698
254 216
254 316
731 561
690 186
690 77
341 296
341 250
341 307
341 180
341 45
341 221
494 561
494 227
494 412
494 1
186 672
186 534
186 223
186 653
186 302
561 296
561 772
561 787
561 210
561 512
561 572
672 250
672 287
672 507
672 310
672 42
296 772
296 96
296 77
296 210
296 171
296 538
296 440
250 287
250 382
250 236
250 369
250 182
772 287
772 180
96 77
96 787
96 210
96 393
96 338
96 796
287 507
287 382
287 637
287 236
287 216
287 331
287 774
287 328
287 750
77 637
77 210
77 307
77 786
787 382
787 637
787 378
787 653
787 284
787 42
787 189
507 270
507 92
507 749
507 440
382 216
382 573
637 210
637 45
637 52
236 270
236 534
236 333
236 385
236 346
236 485
236 227
236 630
236 222
210 482
210 180
210 603
210 630
192 698
192 656
192 378
192 385
192 485
482 270
482 216
482 534
482 223
482 385
698 378
698 369
698 216
698 773
656 369
378 216
378 761
378 586
369 270
369 370
171 180
171 218
171 90
171 743
270 295
270 783
216 331
216 393
216 333
216 761
216 774
216 713
216 711
534 393
534 586
331 307
331 333
331 223
331 774
331 310
331 375
331 773
331 214
522 180
522 761
522 284
307 393
307 761
307 684
307 630
180 333
180 367
180 455
180 6
180 405
393 761
393 284
393 189
393 159
393 139
393 345
333 774
333 310
333 168
333 653
333 789
333 136
333 616
512 223
512 774
512 168
512 538
512 145
761 310
761 385
761 345
761 455
761 689
761 147
223 385
223 428
223 128
223 593
223 222
774 538
774 749
310 284
310 750
310 370
168 284
168 362
168 404
168 642
168 412
168 417
385 738
385 713
385 569
385 295
653 367
653 789
653 218
653 603
653 39
653 128
653 374
738 189
738 175
738 302
738 221
738 450
367 750
367 713
367 274
367 714
367 59
284 328
284 789
284 750
284 711
284 256
42 789
42 159
42 632
328 566
328 159
328 375
328 711
328 538
328 295
328 362
328 348
328 593
189 566
189 569
189 92
189 617
189 714
189 768
789 566
789 569
789 613
750 713
750 711
750 362
750 404
566 711
566 538
566 749
566 338
566 227
566 548
566 1
159 404
159 521
159 455
159 220
713 711
713 15
713 139
713 345
713 212
375 711
375 15
375 139
375 362
375 526
569 538
569 345
569 485
711 295
711 362
711 749
711 136
711 428
711 613
711 52
15 295
15 603
15 483
15 45
538 295
538 773
538 290
538 39
538 548
538 361
139 798
139 617
139 642
139 616
295 64
295 345
295 749
295 404
295 346
295 586
295 338
295 169
362 499
64 92
64 370
64 783
64 741
64 792
64 63
345 749
345 773
345 404
345 586
345 52
345 147
345 786
345 90
92 404
92 521
92 348
749 404
749 613
749 445
773 521
773 218
773 175
773 316
404 136
404 499
404 290
404 39
404 548
521 499
521 603
521 617
521 134
136 501
136 775
499 370
499 586
499 798
218 675
370 346
370 586
370 616
370 119
175 586
175 428
175 613
175 169
175 523
175 477
175 182
175 776
346 338
346 290
346 483
586 603
586 523
428 603
428 227
428 632
428 572
428 348
613 290
338 97
603 290
603 498
603 593
603 377
169 483
169 39
169 46
169 574
169 221
290 617
290 97
290 39
290 489
798 617
798 45
483 617
483 659
483 485
483 227
483 524
483 657
483 316
523 97
523 498
523 632
617 39
617 227
617 212
617 274
617 132
617 708
617 579
573 485
573 455
573 498
573 233
573 316
573 743
573 383
97 659
97 485
97 160
97 646
97 708
97 220
97 57
116 485
116 45
116 395
116 224
116 361
116 439
659 642
659 39
659 755
485 455
485 39
485 768
485 224
642 39
642 134
642 596
642 335
455 212
455 52
455 128
455 445
39 498
39 197
689 212
689 256
689 412
227 160
227 45
227 646
227 477
227 1
227 439
212 45
212 684
212 524
212 52
212 579
160 395
160 684
160 274
160 714
160 6
160 477
160 348
160 501
160 365
45 646
45 714
45 256
45 440
395 632
395 684
395 572
395 274
395 714
395 477
395 696
395 128
395 207
498 684
498 52
498 768
498 601
632 572
632 524
632 708
632 52
632 768
632 477
632 696
632 46
684 572
684 714
684 412
684 235
646 274
646 714
646 6
646 134
646 417
572 274
572 302
572 696
572 630
524 714
524 302
524 132
524 708
524 638
274 302
274 132
274 638
274 6
274 182
274 233
714 132
714 128
302 616
302 708
302 638
302 348
302 630
302 220
302 526
132 638
132 768
132 664
132 783
132 786
132 119
132 90
616 52
616 348
708 6
708 477
708 696
708 548
708 657
708 214
638 6
638 696
638 63
52 768
52 252
52 63
52 98
52 784
6 696
6 489
768 477
768 431
768 755
224 489
224 252
224 593
477 664
477 316
477 66
696 348
696 374
489 664
489 630
489 256
348 431
348 440
664 431
664 783
664 741
664 235
664 63
630 128
630 256
630 147
431 147
431 417
128 147
128 445
128 233
128 46
128 365
134 405
134 756
134 601
134 361
134 775
134 450
256 147
256 741
256 412
256 55
783 741
783 417
783 405
147 417
147 786
147 596
147 377
741 417
412 405
412 445
417 182
417 173
417 119
417 207
405 233
405 173
405 98
182 233
445 233
445 235
445 418
445 796
445 473
548 1
548 46
548 252
233 235
233 46
233 418
233 601
1 46
1 334
235 418
235 170
235 98
46 786
46 756
46 501
46 683
46 335
418 687
418 173
418 601
418 792
418 220
786 756
786 579
786 316
687 173
687 601
687 792
687 316
756 601
756 252
756 316
173 574
173 316
173 239
173 55
501 657
501 792
501 413
501 207
601 119
601 252
601 170
361 119
361 207
579 792
579 220
579 119
579 252
579 784
657 252
657 439
792 119
792 377
220 574
220 596
220 90
220 55
119 252
119 577
119 316
119 377
119 145
574 577
574 413
574 316
574 796
574 90
574 308
252 316
252 207
252 796
252 334
577 316
577 207
577 59
413 63
413 596
316 239
316 796
207 214
239 170
239 334
239 214
239 197
796 439
796 197
170 439
170 59
63 353
63 176
439 353
439 214
439 584
59 596
59 197
59 365
353 584
353 377
334 197
334 473
596 775
596 222
214 743
214 440
197 526
197 743
197 755
197 473
90 66
90 98
526 743
526 365
526 66
526 374
526 473
526 176
142 584
142 755
142 66
743 755
743 365
743 473
584 365
584 593
755 66
755 299
755 55
755 323
755 145
365 299
365 308
365 383
66 55
66 98
66 383
299 776
299 145
374 473
55 152
55 776
308 98
308 176
308 450
308 411
473 383
473 683
473 221
98 383
98 57
98 221
98 450
98 776
98 335
152 323
152 176
152 335
383 775
383 440
383 377
57 683
57 221
775 323
775 222
775 450
683 323
683 440
683 593
221 784
323 377
440 222
440 411
593 450
222 784
222 776
222 411
784 776
784 675
784 377
450 145
776 377
675 377
411 44
411 279
411 202
411 69
411 510
411 668
411 144
411 111
267 539
267 337
267 183
267 253
44 202
44 539
44 527
44 403
44 261
44 426
44 419
44 401
279 539
279 410
279 18
279 34
279 463
279 516
279 70
279 332
279 258
202 527
202 158
202 645
202 386
539 663
539 199
539 158
539 410
539 403
539 240
539 704
527 61
527 34
69 199
69 403
69 505
69 571
69 245
69 309
69 140
69 129
663 505
663 486
663 488
199 410
199 765
199 366
199 717
158 403
158 505
158 7
158 685
158 576
410 505
410 280
403 571
403 7
403 685
403 82
403 467
505 474
505 241
505 261
505 594
571 337
571 753
571 510
571 414
571 237
571 126
7 474
7 18
7 426
7 765
7 396
7 277
7 276
7 668
7 488
7 795
7 125
337 34
337 33
337 416
337 8
474 703
474 61
474 426
474 504
474 19
595 61
595 18
595 765
595 668
595 243
595 88
703 241
703 261
703 245
703 396
703 468
703 34
703 563
703 475
703 427
61 167
61 426
61 81
61 582
61 463
61 735
61 456
61 408
241 261
241 426
241 280
241 488
241 305
18 245
18 311
261 765
261 668
261 488
261 425
261 380
167 765
167 432
426 765
426 81
426 704
426 276
426 506
426 100
753 470
765 245
765 704
765 396
765 200
765 386
765 640
765 344
81 240
81 704
81 396
81 277
81 650
81 243
245 582
240 280
240 506
240 130
240 165
704 582
704 26
704 668
704 516
704 717
468 510
468 685
468 471
468 126
468 301
504 510
504 685
582 277
582 34
582 677
582 448
582 594
510 645
510 506
510 27
510 516
510 237
510 191
277 280
277 26
277 791
277 470
685 276
685 34
685 506
685 33
685 24
685 74
280 34
280 506
280 366
280 649
280 27
280 668
280 200
280 144
276 645
276 506
276 350
276 542
276 100
34 506
34 366
34 649
34 60
34 141
645 649
645 576
645 305
645 24
645 791
645 580
645 125
506 649
506 414
506 463
506 576
506 320
506 343
506 294
366 26
366 560
649 677
649 576
649 416
649 118
26 4
26 451
414 305
414 4
414 655
414 551
463 27
463 677
384 400
384 488
384 401
27 677
27 576
27 400
27 486
27 488
27 33
27 4
688 486
688 24
688 594
688 791
688 451
688 432
688 420
677 400
677 4
677 24
677 722
576 486
576 88
400 234
400 717
400 556
400 607
400 344
486 200
486 488
486 305
486 448
486 19
486 451
486 614
486 82
486 140
668 488
668 4
668 451
668 138
200 350
200 234
200 82
200 70
488 33
488 511
305 4
305 350
305 432
305 425
305 640
305 542
33 386
33 19
33 432
33 130
33 126
33 363
33 465
448 386
448 24
448 19
448 183
448 594
448 130
448 471
4 594
4 373
4 733
386 19
386 234
386 60
386 351
386 401
24 747
24 363
24 551
19 183
19 350
19 791
19 126
511 350
511 791
511 542
511 475
511 420
511 419
511 467
183 735
183 516
183 373
183 730
183 602
183 556
350 451
350 425
350 615
594 451
594 640
594 516
594 74
791 451
791 432
791 425
791 722
791 184
791 452
234 130
234 658
234 416
234 87
234 795
451 735
451 542
451 301
451 258
432 130
432 655
432 215
432 140
735 130
735 640
735 309
735 351
735 615
425 442
425 542
425 126
425 309
425 654
130 229
130 309
130 718
640 62
640 542
640 415
640 100
640 747
640 795
470 624
470 525
62 658
62 516
62 614
62 336
62 343
229 718
229 258
442 542
442 516
442 563
442 336
442 363
442 332
658 516
658 614
658 363
658 562
542 471
542 563
542 624
542 74
516 415
516 624
516 144
471 563
471 624
471 140
471 686
471 380
415 614
415 624
415 237
415 60
563 624
563 336
563 718
563 654
614 309
614 475
614 717
624 82
624 722
624 144
624 351
624 515
624 733
624 467
336 237
336 722
336 363
336 580
336 655
336 707
82 237
82 722
82 747
82 188
82 452
82 344
100 60
100 722
100 188
100 718
100 650
100 733
100 301
237 722
237 718
237 238
237 556
237 118
60 5
60 110
373 188
373 363
373 351
373 87
722 188
722 126
722 718
722 515
722 602
722 209
722 79
747 126
747 309
747 580
747 111
144 718
144 129
144 332
188 655
126 718
126 591
126 320
126 650
126 604
309 654
309 32
309 730
309 650
309 179
309 556
718 320
718 243
654 32
654 591
654 484
654 730
654 615
654 419
654 447
363 602
363 123
363 88
32 475
32 5
32 357
591 484
591 788
591 343
591 619
591 419
591 111
351 556
484 580
484 733
484 291
484 556
788 343
788 253
788 650
788 515
788 140
730 343
730 650
730 655
475 529
320 253
320 650
343 650
343 580
253 215
253 529
253 209
253 243
253 238
650 655
650 313
650 515
650 419
650 465
580 515
580 140
580 332
655 615
655 215
655 529
655 602
655 5
655 651
655 111
655 123
655 720
313 515
313 215
313 529
313 67
615 619
615 5
515 243
515 465
515 408
515 633
529 140
529 74
529 427
529 401
529 125
717 619
717 5
717 740
717 357
717 294
140 602
140 609
140 20
619 209
619 74
602 416
5 243
5 394
5 733
5 525
562 416
562 243
562 138
209 447
209 707
209 633
416 420
416 74
416 419
416 289
416 138
416 707
243 20
243 262
243 467
740 420
740 289
740 699
740 795
67 419
67 394
420 447
420 301
651 79
651 648
419 289
419 447
238 609
238 111
238 289
238 79
238 101
427 111
427 551
427 87
427 191
609 357
609 141
111 394
111 444
111 535
394 311
394 184
357 447
357 8
311 401
311 87
311 262
311 648
311 452
447 79
447 401
447 138
447 291
447 294
20 138
20 179
79 138
79 465
79 87
79 467
79 444
79 8
79 88
401 179
401 184
138 551
138 408
699 179
699 551
699 456
699 314
699 141
465 551
465 123
465 604
179 123
179 129
179 604
179 291
551 101
551 87
551 456
551 648
123 129
123 795
123 125
101 87
101 184
101 733
101 607
101 165
129 456
87 604
87 294
87 544
87 301
456 110
456 262
456 184
456 648
456 88
456 70
695 262
695 184
695 648
695 467
695 314
695 707
110 604
262 604
262 733
262 518
262 380
184 733
184 314
184 535
184 118
604 733
604 141
604 294
604 444
604 125
604 258
648 301
648 607
733 535
733 332
733 707
467 314
467 294
467 544
467 165
291 720
291 444
291 535
291 70
291 0
314 294
314 8
408 141
408 8
720 294
720 544
720 560
720 452
720 607
720 125
141 444
141 560
141 8
294 544
294 560
294 332
444 686
444 165
444 633
544 686
544 88
544 258
560 535
560 70
560 607
560 707
8 301
8 125
8 633
535 686
535 70
301 525
301 70
301 332
301 607
301 125
686 795
686 191
686 556
525 70
525 332
88 191
88 332
88 452
88 125
88 0
795 191
70 556
70 344
191 452
191 707
332 607
332 125
332 380
332 118
556 607
556 633
452 125
452 258
607 125
607 380
707 380
125 165
125 258
380 118
165 633
118 0
118 633
258 344
0 344
